((("flatland-black-theme" .
   [0 0 0 0 0 0 0 0 0 1 0 0 0 0 0 0 0 0 0 0])
  ("has_lib" .
   [0 0 0 0 0 0 1])
  ("hashlib" .
   [0 0 0 0 0 0 1])
  ("name" .
   [0 0 0 1])
  ("decltype" .
   [0 0 0 0 0 0 0 1])
  ("string" .
   [0 0 0 0 0 1])
  ("Main" .
   [0 0 0 1])
  ("add-hook" .
   [0 0 0 0 0 0 0 1])
  ("s" .
   [1])
  ("**" .
   [6 0])
  ("*" .
   [8])
  ("get-buffer-create" .
   [0 0 0 0 0 0 0 0 0 0 0 0 1 0 0 0 0])
  ("Autocomplete" .
   [0 0 0 0 0 0 0 0 0 0 0 1])
  ("auto-complete-mode" .
   [0 0 0 0 0 0 0 0 0 0 0 0 0 0 0 0 0 1])
  ("import" .
   [0 0 0 0 1 0])
  ("TITLE: " .
   [0 0 0 0 0 0 1])
  ("land" .
   [2 0 0 0])
  ("Eksempel" .
   [1 0 0 0 0 0 0 0])
  ("in" .
   [2 0])
  ("\\text" .
   [1 0 0 0 0])
  ("***" .
   [1 0 0])
  ("F+" .
   [4 0])
  ("DONE" .
   [1 0 0 0])
  ("+TITLE" .
   [0 0 0 0 0 8])
  ("Ordered" .
   [1 0 0 0 0 0 0])
  ("Logical" .
   [1 0 0 0 0 0 0])
  ("TODO" .
   [1 0 0 0])))
